1 ananann [0, 0, 1, 2, 3, 4, 0]
2 ana [0, 0, 1]
3 se [0, 0]
4 e, [0, 0]
5 on [0, 0]
6 thththe [0, 0, 1, 2, 3, 4, 0]
7 orrmnop [0, 0, 0, 0, 0, 1, 0]
8 tt [0, 1]
9 to [0, 0]
10 and [0, 0, 0]
11 terterm [0, 0, 0, 1, 2, 3, 0]
12 con [0, 0, 0]
13 ely [0, 0, 0]
14 refferc [0, 0, 0, 0, 0, 1, 0]
15 tion [0, 0, 0, 0]
16 mera [0, 0, 0, 0]
17 tter [0, 1, 0, 0]
18 noise [0, 0, 0, 0, 0]
19 eaasuur [0, 0, 0, 0, 0, 0, 0]
20 jitter [0, 0, 0, 0, 0, 0]
21 an [0, 0]
22 ana [0, 0, 1]
23 seassn [0, 0, 0, 1, 1, 0]
24 s, [0, 0]
25 on [0, 0]
26 th [0, 0]
27 orzrro [0, 0, 0, 0, 0, 1]
28 tt [0, 1]
29 tootto [0, 0, 0, 1, 1, 2]
30 and [0, 0, 0]
31 ter [0, 0, 0]
32 con [0, 0, 0]
33 the [0, 0, 0]
34 ref [0, 0, 0]
35 tionti [0, 0, 0, 0, 1, 2]
36 mera [0, 0, 0, 0]
37 tter [0, 1, 0, 0]
38 jitter [0, 0, 0, 0, 0, 0]
39 asur [0, 0, 0, 0]
40 jittjiter [0, 0, 0, 0, 1, 2, 3, 0, 0]
41 ana [0, 0, 1]
42 on [0, 0]
43 selene [0, 0, 0, 0, 0, 0]
44 r, [0, 0]
45 ononnnoo [0, 0, 1, 2, 0, 0, 1, 1]
46 th [0, 0]
47 or [0, 0]
48 ttsstts [0, 1, 0, 0, 1, 2, 3]
49 to [0, 0]
50 and [0, 0, 0]
51 ter [0, 0, 0]
52 oscosc [0, 0, 0, 1, 2, 3]
53 the [0, 0, 0]
54 equ [0, 0, 0]
55 tiooit [0, 0, 0, 0, 0, 1]
56 mera [0, 0, 0, 0]
57 tter [0, 1, 0, 0]
58 freq [0, 0, 0, 0]
59 asur [0, 0, 0, 0]
60 jitter [0, 0, 0, 0, 0, 0]
61 ana [0, 0, 1]
62 ith [0, 0, 0]
63 se [0, 0]
64 assasas [0, 0, 0, 1, 2, 1, 2]
65 on [0, 0]
66 th [0, 0]
67 oranora [0, 0, 0, 0, 1, 2, 3]
68 tt [0, 1]
69 to [0, 0]
70 and [0, 0, 0]
71 ter [0, 0, 0]
72 proorp [0, 0, 0, 0, 0, 1]
73 the [0, 0, 0]
74 imag [0, 0, 0, 0]
75 tio [0, 0, 0]
76 merame [0, 0, 0, 0, 1, 2]
77 tter [0, 1, 0, 0]
78 freq [0, 0, 0, 0]
79 asur [0, 0, 0, 0]
80 jijijitter [0, 0, 1, 2, 3, 4, 0, 0, 0, 0]
81 ana [0, 0, 1]
82 ith [0, 0, 0]
83 seeseen [0, 0, 0, 1, 2, 3, 0]
84 as [0, 0]
85 on [0, 0]
86 tthhth [0, 1, 0, 0, 1, 0]
87 or [0, 0]
88 tt [0, 1]
89 tottto [0, 0, 1, 1, 1, 2]
90 and [0, 0, 0]
91 ter [0, 0, 0]
92 pro [0, 0, 0]
93 the [0, 0, 0]
94 enteent [0, 0, 0, 1, 1, 2, 3]
95 tio [0, 0, 0]
96 mera [0, 0, 0, 0]
97 tter [0, 1, 0, 0]
98 freq [0, 0, 0, 0]
99 ,the [0, 0, 0, 0]
100 aacbbaac [0, 1, 0, 0, 0, 1, 2, 3]
101 ana [0, 0, 1]
102 ith [0, 0, 0]
103 ababcabab [0, 0, 1, 2, 0, 1, 2, 3, 4]
104 as [0, 0]
105 on [0, 0]
106 th [0, 0]
107 oroororo [0, 0, 1, 1, 2, 3, 2, 3]
108 tt [0, 1]
109 to [0, 0]
110 and [0, 0, 0]
111 ter [0, 0, 0]
112 propropro [0, 0, 0, 1, 2, 3, 4, 5, 6]
113 theethe [0, 0, 0, 0, 1, 2, 3]
114 ent [0, 0, 0]
115 tio [0, 0, 0]
116 mera [0, 0, 0, 0]
117 tter [0, 1, 0, 0]
118 freq [0, 0, 0, 0]
119 ,the [0, 0, 0, 0]
120 intaaint [0, 0, 0, 0, 0, 1, 2, 3]
121 ana [0, 0, 1]
122 onsonson [0, 0, 0, 1, 2, 3, 4, 5]
123 se [0, 0]
124 asasass [0, 0, 1, 2, 3, 4, 0]
125 on [0, 0]
126 th [0, 0]
127 orrooror [0, 0, 0, 1, 1, 2, 1, 2]
128 tt [0, 1]
129 to [0, 0]
130 anddnaa [0, 0, 0, 0, 0, 1, 1]
131 ter [0, 0, 0]
132 msmsmss [0, 0, 1, 2, 3, 4, 0]
133 the [0, 0, 0]
134 ent [0, 0, 0]
135 tio [0, 0, 0]
136 mera [0, 0, 0, 0]
137 tter [0, 1, 0, 0]
138 freq [0, 0, 0, 0]
139 s, [0, 0]
140 intinttni [0, 0, 0, 1, 2, 3, 0, 0, 1]
141  []
